layout_spectrum: 0.9456393
typography_spectrum: 0.7305854
color:
  saturation: 0.7646478
  lightness: 0.549016
  brandStrength: 0.7938846
  rhythmicContrast: 0.4297624
name: NickVenezia
